clients,duration_s,total,ok,fail,rps,p50_ms,p95_ms,p99_ms
5,15,209612,209612,0,13974.1,0,0,0
